0000110111      10      0
010             3       1
11              2       2
10              2       3
011             3       4
0011            4       5
0010            4       6
00011           5       7
000101          6       8
000100          6       9
0000100         7       10
0000101         7       11
0000111         7       12
00000100        8       13
00000111        8       14
000011000       9       15
0000010111      10      16
0000011000      10      17
0000001000      10      18
00001100111     11      19
00001101000     11      20
00001101100     11      21
00000110111     11      22
00000101000     11      23
00000010111     11      24
00000011000     11      25
000011001010    12      26
000011001011    12      27
000011001100    12      28
000011001101    12      29
000001101000    12      30
000001101001    12      31
000001101010    12      32
000001101011    12      33
000011010010    12      34
000011010011    12      35
000011010100    12      36
000011010101    12      37
000011010110    12      38
000011010111    12      39
000001101100    12      40
000001101101    12      41
000011011010    12      42
000011011011    12      43
000001010100    12      44
000001010101    12      45
000001010110    12      46
000001010111    12      47
000001100100    12      48
000001100101    12      49
000001010010    12      50
000001010011    12      51
000000100100    12      52
000000110111    12      53
000000111000    12      54
000000100111    12      55
000000101000    12      56
000001011000    12      57
000001011001    12      58
000000101011    12      59
000000101100    12      60
000001011010    12      61
000001100110    12      62
000001100111    12      63
0000001111      10      64
000011001000    12      128
000011001001    12      192
000001011011    12      256
000000110011    12      320
000000110100    12      384
000000110101    12      448
0000001101100   13      512
0000001101101   13      576
0000001001010   13      640
0000001001011   13      704
0000001001100   13      768
0000001001101   13      832
0000001110010   13      896
0000001110011   13      960
0000001110100   13      1024
0000001110101   13      1088
0000001110110   13      1152
0000001110111   13      1216
0000001010010   13      1280
0000001010011   13      1344
0000001010100   13      1408
0000001010101   13      1472
0000001011010   13      1536
0000001011011   13      1600
0000001100100   13      1664
0000001100101   13      1728