00110101        8       0
000111          6       1
0111            4       2
1000            4       3
1011            4       4
1100            4       5
1110            4       6
1111            4       7
10011           5       8
10100           5       9
00111           5       10
01000           5       11
001000          6       12
000011          6       13
110100          6       14
110101          6       15
101010          6       16
101011          6       17
0100111         7       18
0001100         7       19
0001000         7       20
0010111         7       21
0000011         7       22
0000100         7       23
0101000         7       24
0101011         7       25
0010011         7       26
0100100         7       27
0011000         7       28
00000010        8       29
00000011        8       30
00011010        8       31
00011011        8       32
00010010        8       33
00010011        8       34
00010100        8       35
00010101        8       36
00010110        8       37
00010111        8       38
00101000        8       39
00101001        8       40
00101010        8       41
00101011        8       42
00101100        8       43
00101101        8       44
00000100        8       45
00000101        8       46
00001010        8       47
00001011        8       48
01010010        8       49
01010011        8       50
01010100        8       51
01010101        8       52
00100100        8       53
00100101        8       54
01011000        8       55
01011001        8       56
01011010        8       57
01011011        8       58
01001010        8       59
01001011        8       60
00110010        8       61
00110011        8       62
00110100        8       63
11011           5       64
10010           5       128
010111          6       192
0110111         7       256
00110110        8       320
00110111        8       384
01100100        8       448
01100101        8       512
01101000        8       576
01100111        8       640
011001100       9       704
011001101       9       768
011010010       9       832
011010011       9       896
011010100       9       960
011010101       9       1024
011010110       9       1088
011010111       9       1152
011011000       9       1216
011011001       9       1280
011011010       9       1344
011011011       9       1408
010011000       9       1472
010011001       9       1536
010011010       9       1600
011000          6       1664
010011011       9       1728